0, 1, 2, 3, 4, 5, 7, 9, 9, 12, 13, 15, 17, 20, 23, 25, 29, 31, 33, 36, 39, 41, 43, 45, 47, 49, 52, 54, 57, 59, 62, 63, 65, 66, 69, 69, 72, 73, 75, 77, 79, 81, 83, 84, 86, 87, 89, 91, 92, 94, 96, 97, 99, 101, 103, 104, 105, 107, 107, 109, 110, 111, 112, 113, 115, 116, 117, 119, 119, 120, 122, 123, 123, 124, 125, 126, 127, 127, 129, 129, 130, 132, 133, 133, 134, 135, 136, 137, 137, 139

0, 1, 1, 3, 4, 5, 7, 7, 10, 11, 14, 17, 20, 23, 27, 33, 37, 43, 47, 53, 57, 61, 66, 70, 78, 83, 88, 93, 97, 100, 103, 104, 107, 107, 110, 111, 113, 115, 117, 119, 121, 123, 124, 125, 127, 127, 129, 131, 133, 133, 136, 138, 140, 143, 144, 146, 147, 149, 150, 151, 151, 153, 153, 154, 155, 156, 157, 157, 158, 159, 160, 161, 163, 163, 164, 165, 166, 167, 167, 168, 169, 170

0, 1, 2, 4, 6, 8, 10, 12, 15, 18, 20, 22, 25, 28, 30, 31, 34, 34, 37, 38, 40, 42, 44, 46, 48, 49, 52, 54, 55, 57, 58, 59, 61, 62, 62, 64, 66, 67, 68, 69, 72, 72, 74, 75, 76, 78, 79, 80, 82, 84, 85, 87, 88, 90, 92, 94, 96, 98, 99, 101, 104, 104, 107, 108, 109, 111, 112, 114, 114, 117, 118, 119, 121, 122, 124, 125, 128, 128, 130, 131, 132, 134, 134, 135, 136, 137, 138, 138, 139, 140, 141, 142, 142, 144, 145, 146, 147, 148, 148, 149, 150, 151, 152, 152, 154, 154, 155

0, 1, 2, 3, 6, 9, 12, 16, 20, 23, 28, 32, 36, 39, 42, 46, 48, 51, 54, 58, 61, 64, 68, 72, 74, 78, 81, 83, 86, 89, 91, 94, 97, 100, 101, 104, 106, 108, 110, 112, 114, 117, 119, 121, 123, 124, 126, 128, 130, 132, 134, 136, 136, 139, 140, 141, 142, 143, 143, 146, 146, 147, 148, 149, 150, 150, 151, 151, 152, 153, 154, 154, 156, 156, 156, 157, 158

0, 0, 2, 2, 3, 4, 5, 6, 8, 10, 13, 16, 19, 24, 28, 30, 34, 36, 39, 42, 43, 46, 48, 50, 52, 55, 57, 60, 62, 63, 66, 67, 69, 70, 72, 75, 76, 78, 80, 82, 86, 88, 90, 93, 96, 98, 100, 102, 104, 105, 106, 107, 108, 110, 112, 112, 114, 115, 116, 118, 119, 120, 120, 122, 123, 124, 125, 126, 126, 127, 129, 130, 130, 132, 132, 133, 134, 135, 136, 136, 137, 137, 138, 139, 140

0, 1, 3, 3, 5, 6, 9, 10, 13, 16, 19, 23, 27, 29, 32, 35, 37, 39, 42, 43, 46, 48, 50, 52, 55, 56, 58, 60, 63, 65, 67, 69, 72, 75, 77, 79, 82, 85, 87, 89, 92, 95, 97, 99, 102, 105, 106, 109, 111, 113, 115, 117, 119, 120, 122, 123, 125, 126, 128, 129, 131, 133, 135, 137, 138, 139, 139, 140, 141, 142, 143, 143, 145, 145, 146, 148, 149, 149, 150, 151, 152, 153, 153, 155, 155, 156

0, 2, 2, 4, 4, 5, 6, 8, 8, 10, 12, 14, 15, 17, 18, 21, 24, 28, 31, 34, 38, 40, 45, 48, 54, 57, 61, 64, 68, 72, 74, 78, 81, 84, 86, 88, 91, 94, 98, 101, 104, 107, 110, 112, 114, 117, 119, 122, 124, 126, 128, 129, 131, 132, 132, 134, 134, 135, 137, 138, 139, 141, 142, 142, 144, 144, 145, 146, 147, 148, 148, 149, 150, 151, 152, 152, 154, 154

0, 1, 2, 4, 5, 10, 18, 22, 26, 34, 41, 46, 51, 56, 61, 64, 67, 70, 72, 74, 75, 78, 81, 84, 87, 90, 94, 97, 98, 101, 102, 104, 104, 106, 107, 108, 110, 111, 114, 114, 116, 118, 119, 121, 122, 124, 124, 125, 126, 127, 128, 128, 129, 130, 131, 132, 132, 134, 134, 135, 136, 137, 138, 138, 139, 140, 141, 142, 142, 144, 144, 145, 146, 147

0, -1, -2, -4, -4, -5, -6, -8, -8, -10, -10, -11, -10, -9, -8, -6, -5, -2, 1, 5, 8, 13, 17, 22, 26, 30, 34, 37, 40, 44, 47, 51, 54, 57, 60, 64, 67, 70, 73, 76, 78, 80, 83, 84, 86, 88, 90, 94, 96, 98, 100, 103, 105, 107, 110, 111, 113, 114, 117, 118, 121, 123, 124, 126, 128, 128, 128, 130, 131, 132, 133, 134, 135, 136, 137, 138, 138, 140, 140, 141, 142

0, 0, 1, 2, 3, 4, 4, 6, 7, 8, 10, 13, 14, 18, 21, 26, 30, 34, 39, 44, 49, 54, 60, 66, 70, 76, 81, 88, 94, 100, 104, 108, 111, 114, 118, 121, 124, 127, 130, 134, 138, 141, 144, 148, 150, 154, 156, 157, 158, 160, 160, 161, 163, 164, 164, 166, 168, 170, 170, 171, 172, 174, 174, 176

0, 1, 1, 3, 4, 5, 9, 11, 15, 19, 23, 28, 31, 37, 40, 43, 47, 50, 53, 55, 59, 61, 65, 67, 71, 74, 78, 81, 84, 87, 89, 92, 95, 97, 99, 101, 102, 104, 105, 107, 109, 111, 114, 115, 119, 121, 123, 125, 127, 127, 128, 129, 130, 131, 131, 132, 133, 134, 135, 135, 137, 137, 138, 141, 141, 142, 143, 144, 145, 147, 147, 149, 150, 151, 152, 153, 154, 155, 155, 157, 158, 159, 160, 161, 161, 162, 163, 164, 165, 165, 167, 167, 168, 169, 170, 171, 171, 172, 173, 174, 175

0, 0, 1, 2, 2, 5, 9, 12, 18, 23, 30, 34, 41, 46, 53, 60, 65, 72, 76, 81, 84, 88, 90, 93, 96, 99, 102, 105, 108, 112, 114, 116, 120, 122, 124, 126, 128, 129, 131, 132, 133, 135, 138, 139, 141, 143, 145, 146, 148, 149, 151, 152, 153, 154, 155, 156, 156, 158, 158

0, 2, 4, 6, 8, 10, 15, 17, 22, 26, 32, 37, 43, 50, 57, 66, 70, 77, 82, 86, 90, 93, 96, 100, 103, 107, 112, 116, 120, 123, 129, 133, 135, 140, 143, 146, 149, 152, 153, 155, 157, 158, 160, 162, 163, 165, 166, 166, 167, 168, 169, 170, 170

0, 1, 2, 2, 4, 6, 10, 14, 20, 25, 32, 38, 46, 54, 61, 68, 76, 82, 89, 95, 100, 104, 108, 113, 118, 122, 126, 131, 136, 141, 143, 148, 151, 153, 155, 156, 158, 158, 159, 160, 161, 162, 162, 164, 165, 166, 168, 169, 171, 172, 173, 174, 175, 176, 176, 176, 178, 178, 179, 180, 181, 182, 182, 183, 183, 184

0, 1, 2, 4, 6, 9, 13, 17, 22, 28, 34, 42, 50, 58, 68, 76, 86, 94, 101, 110, 116, 120, 128, 133, 136, 141, 144, 148, 151, 154, 157, 160, 162, 164, 166, 169, 170, 172, 173, 174, 176, 178, 180, 182, 184, 186, 187, 190, 190, 191, 192, 193, 194, 194, 196, 196, 197, 198, 199, 200

0, 0, 0, 2, 3, 4, 7, 10, 15, 20, 26, 33, 41, 48, 54, 60, 65, 70, 74, 78, 83, 87, 91, 94, 98, 101, 104, 105, 108, 108, 110, 110, 111, 112, 113, 114, 116, 117, 118, 120, 120, 122, 124, 124, 126, 127, 128, 128, 130, 130

0, 1, 2, 3, 5, 9, 13, 19, 25, 32, 39, 48, 56, 62, 72, 79, 86, 91, 97, 100, 103, 106, 108, 111, 113, 118, 121, 125, 129, 135, 139, 142, 145, 148, 150, 152, 153, 155, 156, 157, 158, 159

0, 0, 0, 1, 3, 5, 8, 12, 17, 22, 28, 38, 46, 56, 65, 78, 87, 94, 104, 111, 117, 121, 125, 128, 130, 133, 134, 138, 140, 142, 144, 144, 145, 146

0, 1, 1, 3, 4, 6, 7, 8, 10, 13, 14, 16, 18, 21, 25, 28, 33, 37, 41, 45, 51, 55, 59, 63, 67, 71, 75, 77, 81, 84, 88, 91, 96, 99, 104, 109, 113, 117, 121, 123, 126, 128, 129, 133, 134, 137, 139, 141, 144, 146, 147, 149, 151, 153, 153, 154, 157, 157, 158, 160, 161, 163, 163, 165, 167, 167, 168, 169

0, 1, 2, 4, 5, 11, 14, 21, 23, 26, 29, 32, 35, 38, 42, 45, 49, 54, 58, 62, 66, 69, 73, 75, 79, 81, 84, 86, 89, 92, 95, 98, 102, 106, 109, 112, 115, 118, 121, 123, 125, 128, 131, 133, 135, 137, 139, 139, 142, 143, 145, 145, 146, 149, 149, 151, 152, 153, 154, 155, 156, 157, 158, 159, 159, 159, 161

0, 1, 2, 3, 6, 8, 10, 12, 15, 18, 22, 26, 29, 33, 38, 42, 46, 50, 54, 58, 60, 63, 66, 69, 72, 75, 78, 82, 83, 85, 88, 89, 92, 93, 96, 98, 101, 102, 105, 108, 109, 111, 113, 116, 118, 120, 122, 125, 126, 129, 130, 132, 132, 133, 134, 136, 138, 140, 142, 143, 145, 146, 148, 148, 149, 150, 152, 152, 153, 154, 155, 156, 156, 158, 158, 159, 160, 161, 162, 162, 163, 164, 165, 166, 166, 168, 168

0, 2, 2, 4, 6, 7, 9, 12, 15, 16, 20, 22, 26, 29, 32, 34, 36, 39, 40, 44, 47, 50, 54, 58, 62, 66, 68, 72, 74, 76, 77, 79, 80, 82, 85, 86, 89, 92, 94, 96, 100, 102, 105, 106, 109, 112, 113, 116, 116, 118, 120, 120, 122, 123, 126, 126, 129, 130, 132, 133, 134, 135, 136, 137, 138, 139, 140, 140, 142, 143, 144, 145, 146, 148, 149, 150, 152, 152, 154, 155, 156, 156, 157, 158, 159, 160, 162, 162, 163, 165, 166, 166, 167, 168

0, 1, 2, 3, 3, 5, 5, 6, 7, 8, 9, 11, 13, 15, 17, 19, 22, 25, 27, 30, 33, 35, 36, 38, 39, 39, 41, 43, 45, 45, 49, 50, 53, 56, 59, 61, 63, 65, 65, 67, 69, 71, 72, 75, 78, 79, 82, 83, 85, 88, 89, 92, 93, 96, 98, 99, 102, 105, 106, 109, 110, 113, 116, 119, 121, 123, 125, 127, 128, 129, 130, 131, 132, 133, 135, 137, 138, 139, 141, 143, 145, 145, 146, 147, 148, 149, 149, 150, 151, 152, 153, 153, 155

0, 1, 1, 2, 3, 4, 5, 7, 11, 15, 17, 20, 23, 25, 28, 31, 33, 35, 38, 40, 41, 43, 45, 47, 48, 49, 50, 51, 53, 54, 55, 55, 57, 58, 60, 61, 63, 64, 65, 67, 67, 68, 69, 71, 71, 72, 74, 75, 75, 77, 78, 79, 81, 81, 82, 84, 85, 85, 88, 89, 90, 91, 91, 92, 93, 95, 95, 97, 99, 100, 101, 102, 103, 105, 105, 107, 107, 108, 109, 110, 111, 111, 112, 113, 115, 115, 117, 117, 118, 119, 120, 121, 121, 122, 123, 124, 125, 125, 127, 127, 128, 129, 130, 131, 131, 132, 133, 134, 135, 137, 137, 138, 139, 140, 141

0, 0, 2, 2, 3, 6, 13, 16, 20, 24, 27, 30, 35, 40, 42, 46, 50, 53, 56, 58, 62, 65, 67, 70, 72, 75, 77, 79, 82, 84, 86, 88, 90, 92, 96, 97, 99, 102, 103, 106, 106, 109, 110, 110, 112, 113, 114, 115, 116, 117, 119, 120, 122, 123, 124, 126, 126, 127, 128, 130, 130, 132, 132, 133, 134, 135, 136, 136, 137

0, 2, 5, 6, 9, 12, 15, 18, 22, 26, 30, 34, 39, 42, 46, 50, 52, 56, 58, 60, 63, 66, 68, 72, 75, 80, 83, 87, 90, 93, 96, 99, 102, 102, 106, 107, 110, 112, 114, 116, 118, 119, 122, 124, 126, 127, 129, 130, 132, 133, 135, 136, 137, 139, 140, 142, 143, 145, 146, 147, 149, 150, 152, 152, 153, 154, 155, 156, 156, 157, 158, 159, 160, 160, 162, 162, 163, 164

0, 1, 3, 9, 16, 19, 23, 26, 29, 31, 33, 36, 39, 41, 43, 46, 49, 51, 53, 57, 59, 63, 65, 67, 70, 72, 73, 75, 77, 80, 82, 83, 85, 87, 89, 91, 92, 94, 96, 97, 99, 102, 103, 105, 107, 109, 110, 111, 113, 114, 116, 117, 117, 119, 120, 121, 122, 123, 124, 126, 127, 127, 129, 129, 130, 131, 132, 133, 133, 134, 135, 136, 137, 137, 140, 142, 143, 144, 143

0, 0, 1, 2, 7, 10, 14, 19, 24, 34, 39, 48, 55, 61, 66, 69, 74, 77, 81, 85, 88, 92, 94, 98, 101, 104, 104, 108, 110, 112, 114, 117, 119, 121, 122, 124, 125, 126, 127, 128, 128, 129, 130, 131, 132, 132, 134, 135, 136, 137, 138, 138, 139, 140, 142, 142, 144, 144, 145

0, -1, 0, 1, 2, 9, 14, 17, 20, 24, 30, 34, 37, 40, 44, 47, 50, 51, 54, 56, 60, 61, 66, 69, 72, 76, 79, 82, 84, 86, 88, 89, 90, 90, 91, 92, 94, 96, 99, 100, 102, 104, 106, 106, 107, 109, 110, 110, 111, 112, 114, 114, 117, 118, 120, 120, 121, 122, 123, 124, 124, 126, 127, 128, 129, 130, 130, 131

0, 1, 1, 2, 4, 5, 7, 9, 11, 13, 17, 20, 22, 27, 31, 35, 40, 45, 50, 55, 59, 64, 68, 72, 77, 81, 84, 88, 92, 95, 97, 99, 101, 103, 105, 107, 109, 111, 113, 115, 117, 118, 120, 121, 122, 124, 125, 127, 130, 131, 133, 135, 137, 139, 140, 141, 143, 144, 145, 145, 147, 147, 148, 149, 150, 151, 151, 152, 153, 154, 155, 155, 157, 158, 159, 161, 161

0, 1, 2, 8, 14, 21, 24, 27, 34, 38, 44, 48, 53, 58, 64, 69, 73, 77, 82, 86, 89, 92, 96, 99, 101, 104, 106, 110, 112, 116, 119, 122, 126, 127, 132, 134, 136, 137, 139, 140, 140, 141, 142, 143, 144, 144, 146, 146, 147, 148, 149, 150, 150, 151, 153, 154, 154, 154, 156, 156, 156, 157, 158, 159, 160, 160, 161

0, 1, 2, 3, 5, 7, 9, 13, 15, 17, 20, 23, 26, 29, 33, 37, 40, 43, 47, 51, 55, 59, 63, 66, 69, 72, 74, 76, 80, 83, 86, 89, 93, 96, 99, 101, 104, 106, 109, 111, 113, 115, 116, 117, 119, 121, 122, 124, 126, 127, 129, 130, 132, 133, 134, 135, 136, 137, 137, 139, 139, 140, 141, 142, 143, 144, 145, 146, 147, 147, 149, 149, 150, 151, 152, 153, 153, 154, 156, 157, 157, 159, 159, 160, 161, 162, 163, 163, 164, 165

0, 1, 2, 3, 6, 7, 10, 13, 16, 20, 24, 29, 33, 38, 43, 47, 50, 56, 59, 62, 66, 67, 70, 74, 76, 79, 80, 84, 86, 90, 92, 94, 96, 98, 100, 101, 103, 104, 106, 107, 108, 110, 111, 112, 114, 114, 116, 117, 118, 119, 120, 120, 121, 122, 123, 124, 124, 126, 126, 127, 128, 129, 130, 130, 131, 132, 133, 134, 134, 136, 136, 137, 138, 139, 140, 140, 141, 142, 143, 144, 144, 146, 146, 148, 149, 150, 150

0, 0, 1, 2, 3, 5, 8, 10, 14, 18, 22, 28, 33, 40, 48, 57, 65, 74, 82, 88, 96, 101, 106, 110, 114, 116, 120, 122, 123, 122, 121

0, 0, 3, 5, 8, 12, 17, 25, 32, 44, 55, 66, 80, 95, 110, 124, 136, 148, 160, 169, 176, 180, 186, 190, 193, 194, 196, 195, 194

0, 1, 3, 7, 11, 16, 22, 27, 33, 39, 46, 52, 57, 63, 69, 75, 79, 83, 87, 89, 90, 91, 92

0, 4, 10, 14, 21, 27, 32, 38, 44, 52, 58, 67, 77, 88, 96, 107, 115, 126, 135, 144, 151, 158, 165, 170, 174, 175, 176, 176, 174

0, 1, 2, 5, 13, 18, 21, 28, 34, 41, 48, 55, 62, 67, 71, 78, 82, 87, 90, 93, 97, 99, 102, 105, 108, 112, 117, 120, 123, 127, 129, 131, 134, 135, 137, 138

0, 0, 1, 2, 4, 5, 8, 12, 16, 20, 25, 30, 34, 38, 41, 44, 46, 48, 50, 54, 55, 58, 62, 65, 68, 72, 74, 76, 78, 82, 84, 86, 88, 90, 94, 96, 100, 102, 105, 107, 110, 112, 114, 114, 117, 118, 120, 121, 122, 124, 125, 126, 127, 127, 128, 127

0, 1, 2, 3, 8, 13, 17, 23, 30, 33, 36, 39, 41, 43, 46, 48, 50, 53, 55, 58, 59, 63, 67, 70, 73, 75, 78, 81, 82, 85, 88, 91, 93, 96, 99, 102, 105, 108, 109, 113, 115, 118, 119, 123, 125, 127, 129, 131, 133, 136, 139, 141, 143, 145, 147, 149, 149, 150, 151, 152, 153, 153

0, 1, 1, 2, 3, 4, 5, 7, 8, 11, 13, 15, 17, 19, 22, 25, 28, 31, 34, 37, 39, 42, 45, 48, 51, 54, 56, 59, 62, 65, 68, 71, 74, 75, 79, 81, 84, 86, 89, 92, 95, 99, 101, 104, 106, 108, 111, 111, 113, 115, 115, 117, 118, 119, 119, 121, 121

0, 1, 2, 4, 5, 7, 10, 12, 16, 19, 22, 27, 30, 34, 37, 39, 42, 45, 47, 49, 52, 56, 58, 61, 64, 66, 68, 70, 74, 75, 78, 79, 81, 82, 84, 84, 86, 88, 88, 89, 90, 91, 92, 92, 94, 94

0, 1, 4, 8, 11, 14, 20, 23, 26, 30, 33, 36, 39, 42, 44, 48, 50, 54, 56, 59, 61, 64, 66, 67, 70, 72, 74, 76, 79, 80, 83, 86, 87, 90, 91, 93, 94, 96, 97, 100, 100, 101, 103, 104, 104, 106, 106

0, 3, 6, 9, 11, 13, 16, 19, 21, 24, 29, 33, 36, 40, 44, 48, 50, 54, 56, 59, 63, 64, 69, 70, 74, 78, 80, 84, 89, 93, 96, 98, 100, 102, 103, 106, 107, 110, 113, 116, 118, 120, 123, 126, 127, 130, 130, 133, 134, 136, 137, 139, 140, 142, 144, 146, 147, 148, 150, 150, 151, 152, 153, 154, 154

0, 1, 2, 5, 8, 11, 14, 18, 22, 26, 31, 35, 38, 42, 45, 48, 52, 54, 58, 60, 63, 66, 70, 73, 76, 80, 83, 86, 90, 94, 98, 100, 102, 104, 106, 109, 111, 113, 114, 116, 118, 121, 123, 126, 128, 131, 133, 135, 136, 136, 138, 138, 139, 142, 144, 145

0, 1, 1, 4, 4, 5, 6, 8, 8, 10, 11, 12, 13, 14, 15, 15, 17, 17, 18, 20, 21, 23, 24, 27, 30, 31, 34, 36, 38, 40, 43, 46, 49, 52, 55, 57, 60, 62, 65, 66, 68, 71, 72, 73, 75, 76, 77, 79, 81, 82, 84, 85, 87, 88, 89, 90, 91, 91, 92, 93, 94, 95, 95, 97, 97, 98, 98

0, 1, 2, 2, 3, 4, 5, 6, 6, 8, 8, 9, 11, 11, 12, 13, 15, 15, 17, 18, 18, 19, 20, 21, 22, 22, 24, 24, 25, 25, 27, 28, 29, 30, 31, 31, 32, 33, 34, 34, 35, 36, 37, 38, 38, 40, 40, 41, 41, 43, 43, 44, 45

0, 1, 2, 2, 3, 4, 5, 6, 8, 9, 11, 12, 13, 15, 16, 17, 19, 21, 22, 24, 25, 25, 27, 27, 28, 29, 30, 31, 31, 32, 34, 34, 35, 36, 37, 38, 38, 40, 40, 41, 41, 43, 43, 44, 45, 46, 47, 47, 48, 49

0, 0, 0, 0, 1, 1, 3, 3, 4, 5, 6, 7, 7, 8, 9, 10, 10, 11, 12, 13, 14, 16, 17, 17, 19, 19, 20, 21, 22, 23, 23, 24, 25, 26, 26, 27, 28, 29, 30, 30, 32, 32, 33, 33, 35, 35, 36, 37, 38, 39, 39, 40, 41, 42, 42, 43, 45, 46, 46, 48, 48, 49, 51, 52, 53, 54, 55, 55, 56, 57, 58, 58, 59

0, 0, 1, 2, 3, 4, 4, 5, 6, 7, 7, 8, 9, 10, 11, 13, 13, 14, 14, 16, 17, 18, 19, 20, 20, 22, 23, 24, 26, 27, 29, 30, 30, 32, 33, 34, 36, 36, 37, 39, 39, 41, 42, 43, 45, 46, 46, 48, 48, 49, 50, 51, 52, 52, 53, 54, 55, 56, 57, 58, 59, 61, 61, 62, 62, 64, 64, 65, 66, 67, 68, 68, 69, 70, 71, 71

0, 1, 2, 2, 3, 4, 5, 6, 8, 9, 11, 12, 14, 15, 16, 17, 18, 19, 20, 21, 23, 25, 25, 27, 28, 30, 31, 33, 34, 36, 37, 39, 41, 43, 44, 46, 47, 49, 50, 51, 52, 53, 55, 56, 57, 59, 60, 62, 62, 63, 65, 66, 66, 67, 68, 69, 69, 70, 71, 72

0, 1, 2, 2, 3, 5, 6, 8, 9, 12, 15, 18, 20, 24, 25, 29, 32, 34, 37, 41, 44, 47, 51, 54, 57, 59, 63, 65, 67, 70, 72, 73, 75, 76, 78, 80, 82, 83, 86, 86, 88, 89, 89, 91, 91, 92, 93, 95, 96, 97, 98, 98, 99, 100, 102, 102, 104, 104, 105, 105, 107, 107, 108, 109, 110, 111, 111, 112, 113

0, 1, 2, 2, 3, 5, 6, 8, 11, 12, 14, 15, 17, 18, 19, 21, 23, 25, 28, 30, 33, 35, 38, 41, 41, 44, 46, 46, 47, 49, 50, 51, 53, 55, 57, 59, 62, 63, 66, 67, 68, 69, 70, 71, 73, 73, 75, 76, 78, 80, 81, 82, 82, 83, 84, 85, 86, 88, 89, 91, 92, 94, 95, 97, 98, 98, 99, 100, 101, 101, 103, 104, 105, 107, 107, 108, 108, 110, 110, 111, 112, 113, 114, 114, 115, 116, 117, 117, 118, 119, 120, 121, 121

0, 1, 2, 2, 4, 4, 5, 5, 7, 9, 11, 13, 15, 18, 20, 23, 25, 27, 30, 34, 37, 40, 43, 46, 50, 53, 57, 59, 62, 64, 66, 68, 69, 71, 72, 74, 76, 78, 79, 82, 84, 85, 87, 88, 90, 91, 93, 94, 96, 98, 100, 101, 103, 105, 107, 108, 109, 110, 111, 113, 114, 114, 116, 117, 117, 119, 119, 120

0, 0, 2, 3, 5, 7, 9, 12, 15, 18, 19, 22, 24, 25, 28, 31, 32, 36, 38, 42, 45, 50, 56, 60, 64, 70, 74, 79, 82, 86, 89, 91, 95, 96, 100, 103, 106, 108, 111, 112, 114, 114, 115, 116, 117, 118, 120, 121, 122, 123, 124, 125, 125, 127, 127

0, 1, 2, 3, 3, 5, 6, 8, 10, 12, 15, 17, 20, 23, 28, 31, 37, 41, 45, 49, 53, 57, 60, 63, 66, 69, 73, 76, 79, 83, 86, 88, 90, 92, 93, 93, 96, 97, 99, 100, 101, 104, 106, 109, 111, 113, 115, 117, 118, 119, 121, 122, 124, 125, 125, 127, 129, 131, 131, 133, 134, 135, 136, 137, 138, 138, 140, 140, 141, 141, 143, 143

0, 0, 2, 2, 3, 8, 13, 15, 18, 20, 22, 25, 26, 29, 32, 36, 39, 43, 48, 52, 56, 61, 66, 71, 77, 82, 86, 91, 95, 99, 103, 108, 112, 115, 119, 124, 127, 128, 131, 133, 134, 135, 136, 137, 137, 138, 139, 140, 141, 141, 143

0, 1, 2, 3, 6, 9, 13, 17, 23, 31, 39, 47, 55, 64, 70, 81, 90, 99, 109, 118, 125, 132, 139, 144, 150, 153, 156, 158, 160, 162, 164, 166, 169, 171, 174, 176, 179, 180, 182, 183, 185, 187, 189, 190, 192, 193, 195, 198, 199, 201, 203, 205, 205, 206, 207, 208, 209, 211, 212, 214, 214, 215

0, 0, 2, 3, 3, 6, 9, 11, 14, 18, 21, 26, 32, 38, 46, 53, 61, 69, 78, 93, 105, 114, 128, 138, 149, 157, 165, 170, 178, 182, 186, 189, 192, 195, 197, 197, 199, 200, 201, 203, 204, 206, 207, 208, 210, 210, 211, 211, 213, 213, 214, 215, 216, 217

0, 2, 2, 3, 5, 6, 8, 10, 12, 15, 18, 21, 25, 30, 35, 43, 50, 57, 63, 69, 75, 80, 83, 86, 89, 92, 95, 98, 101, 104, 107, 112, 114, 117, 119, 122, 124, 126, 128, 130, 133, 136, 138, 141, 144, 146, 149, 150, 153, 156, 158, 160, 163, 165, 169, 169, 171, 172, 173, 174, 175, 176, 176, 178, 178, 179, 181, 182, 184, 185, 187, 188, 188, 189, 190, 191, 192, 192, 192, 194, 194, 195, 195, 197

0, 1, 1, 2, 3, 4, 6, 8, 13, 17, 22, 27, 33, 40, 45, 51, 56, 61, 66, 70, 74, 78, 83, 87, 91, 96, 100, 103, 107, 111, 114, 116, 119, 122, 123, 126, 128, 131, 132, 136, 138, 139, 142, 144, 145, 147, 148, 150, 152, 154, 155, 158, 161, 162, 164, 167, 168, 170, 171, 173, 173, 174, 175, 176, 177, 178, 180, 181, 183, 184, 184, 186, 186, 187, 187, 189, 190, 191, 192

0, 2, 3, 4, 9, 12, 19, 23, 27, 31, 34, 38, 41, 45, 48, 51, 54, 57, 59, 61, 64, 66, 69, 71, 73, 76, 79, 82, 85, 89, 93, 95, 98, 101, 103, 105, 106, 108, 109, 111, 112, 114, 115, 118, 120, 122, 125, 128, 130, 132, 134, 136, 137, 137, 139, 140, 141, 143, 144, 146, 149, 150, 152, 153, 154, 156, 157, 157, 159, 160, 160, 162, 163, 164, 165, 166, 167, 168, 169, 169, 170, 171, 172, 173, 175, 176, 178, 178, 180, 182, 183, 184, 185, 185, 186, 188, 189, 191

0, 0, 2, 3, 5, 7, 9, 13, 16, 29, 37, 45, 53, 61, 68, 75, 80, 84, 88, 93, 97, 102, 107, 113, 118, 125, 131, 135, 141, 144, 149, 151, 155, 158, 161, 164, 165, 169, 173, 176, 179, 182, 185, 187, 190, 192, 195, 196, 197, 199, 199, 201, 202, 203, 205, 205

0, 1, 2, 2, 5, 9, 14, 26, 36, 46, 53, 62, 71, 80, 88, 95, 103, 111, 119, 126, 135, 142, 148, 152, 155, 158, 162, 164, 167, 170, 173, 175, 178, 180, 183, 184, 186, 187, 188, 189, 190, 191, 193, 196, 197, 200, 203, 206, 207, 209, 212, 212, 213, 213, 215, 215, 216, 217, 219, 220, 222, 222, 224, 226, 226, 228, 228, 229, 231, 233, 234, 235, 236, 237, 238, 238

0, 0, 2, 4, 5, 10, 19, 24, 29, 38, 45, 54, 62, 71, 78, 87, 94, 103, 110, 116, 122, 128, 133, 138, 142, 145, 148, 152, 155, 160, 163, 167, 171, 174, 177, 180, 183, 185, 186, 187, 189, 189, 190, 192, 194, 196, 198, 199, 202, 203, 205, 206, 206, 208, 208, 209, 210, 211, 212, 213, 214, 215, 216, 217, 218, 219, 219, 221

0, 2, 2, 3, 5, 8, 12, 16, 19, 26, 31, 44, 51, 59, 66, 74, 82, 91, 101, 111, 120, 131, 139, 153, 165, 176, 192, 201, 213, 220, 231, 239, 246, 252, 258, 263, 267, 271, 274, 275, 278, 280, 281, 283, 284, 286, 287, 288, 290, 291, 293, 294, 295, 296

0, 1, 2, 4, 6, 11, 16, 21, 27, 34, 43, 50, 57, 66, 75, 81, 91, 99, 105, 115, 127, 134, 140, 150, 159, 167, 174, 187, 190, 195, 199, 201, 204, 207, 210, 213, 215, 217, 219, 220, 222, 223, 224, 225, 227, 229, 230, 233, 235, 236, 238, 238, 240, 241, 242, 242, 243, 244, 245, 245, 246, 247, 248, 249, 251, 251, 252, 252, 254, 254, 255, 256, 257, 258, 258, 259, 261, 261, 262, 263, 264, 265, 265, 267, 267

0, 1, 2, 4, 8, 15, 19, 27, 33, 43, 51, 63, 71, 80, 88, 95, 103, 109, 117, 123, 130, 136, 141, 148, 154, 161, 165, 171, 175, 180, 184, 189, 191, 193, 196, 198, 200, 202, 203, 206, 209, 212, 214, 219, 222, 226, 228, 232, 234, 235, 238, 240, 242, 243, 245, 246, 247, 248, 250, 250, 251, 251, 253, 253, 254, 255, 256, 257, 257

0, 2, 4, 7, 17, 31, 40, 50, 57, 68, 75, 87, 97, 107, 117, 128, 137, 146, 153, 162, 169, 175, 181, 187, 192, 196, 200, 204, 207, 210, 213, 215, 219, 222, 225, 227, 231, 235, 238, 239, 242, 243, 245, 246, 248, 249, 249, 251, 252, 254, 255, 257, 258, 259, 261, 261, 262, 263, 264, 265, 265, 267, 267, 268, 268

0, 0, 1, 1, 3, 4, 7, 10, 13, 17, 23, 27, 31, 39, 45, 53, 59, 68, 75, 83, 88, 93, 97, 100, 106, 109, 113, 117, 122, 126, 132, 136, 141, 148, 155, 161, 168, 173, 180, 183, 187, 190, 193, 196, 199, 203, 205, 208, 210, 213, 216, 219, 221, 223, 225, 226, 228, 229, 230, 232, 232, 234, 235, 235, 237, 237, 238, 239, 241, 242, 244, 246, 248, 250, 251, 253, 254, 256, 257, 257, 259, 260, 260, 261, 262, 263, 264, 264, 266, 266, 267

0, 1, 2, 3, 5, 8, 11, 15, 18, 22, 28, 34, 41, 49, 57, 66, 76, 85, 94, 104, 111, 118, 126, 134, 142, 150, 157, 164, 171, 175, 182, 187, 192, 198, 201, 207, 211, 216, 219, 223, 225, 227, 230, 232, 235, 237, 240, 242, 246, 249, 251, 254, 255, 256, 257, 258, 261, 262, 264, 265, 267, 268, 269, 270, 271, 271

0, 2, 2, 3, 5, 6, 8, 10, 12, 14, 18, 19, 24, 28, 34, 39, 44, 51, 57, 66, 72, 80, 88, 96, 104, 112, 121, 128, 137, 147, 156, 165, 170, 178, 183, 188, 192, 194, 197, 200, 202, 205, 208, 213, 216, 218, 221, 224, 227, 229, 232, 233, 234, 235, 236, 237, 238, 239, 240, 242, 243, 243, 245, 245, 246, 247, 249, 249, 250, 252, 252, 253, 254, 256, 256, 258, 259, 259, 261, 261, 262, 263, 264, 265, 265, 266, 267, 268, 268, 269, 270, 271, 272, 272, 274, 274, 275, 275, 277, 277, 277

0, 0, 1, 2, 4, 6, 7, 13, 18, 23, 30, 39, 46, 53, 61, 67, 72, 78, 82, 87, 91, 96, 99, 102, 104, 107, 110, 115, 119, 125, 132, 136, 142, 148, 155, 158, 163, 167, 170, 173, 174, 177, 180, 183, 186, 189, 192, 195, 197, 199, 201, 202, 205, 205, 206, 206, 208, 208, 209, 211, 212, 213, 215, 215, 217, 218, 219, 221, 221, 222, 222, 224, 224, 225, 227, 228, 228, 229, 230, 231, 231, 232, 232, 233, 234, 235, 235, 237, 237, 238, 238, 240, 240, 241, 242, 243, 244, 244, 245, 246, 247, 247, 248

0, 0, 1, 2, 5, 9, 16, 25, 36, 46, 56, 69, 85, 98, 113, 126, 137, 153, 164, 171, 180, 187, 192, 196, 200, 203, 207, 210, 213, 218, 222, 226, 231, 234, 238, 241, 244, 247, 248, 250, 251, 252, 253, 254, 254, 256, 257, 258, 258, 260, 261, 261, 263, 263

0, 1, 2, 3, 5, 9, 13, 17, 23, 29, 35, 41, 46, 51, 58, 64, 70, 74, 79, 83, 87, 92, 95, 99, 102, 106, 110, 114, 119, 124, 129, 133, 137, 140, 144, 146, 147, 149, 151, 153, 154, 156, 159, 161, 164, 167, 172, 176, 179, 182, 185, 188, 191, 192, 194, 196, 197, 199, 201, 202, 204, 206, 208, 210, 211, 212, 213, 214, 215, 217, 217, 218, 218, 220, 221, 222, 224, 224, 225, 226, 227, 227, 228, 229, 230, 231, 231, 233, 233, 234, 234, 236, 236, 236

0, 1, 2, 3, 4, 6, 9, 13, 18, 23, 28, 33, 38, 41, 48, 54, 58, 63, 67, 71, 75, 80, 84, 89, 93, 100, 106, 112, 118, 123, 126, 129, 132, 134, 135, 135, 138, 140, 142, 144, 148, 150, 153, 155, 157, 158, 160, 161, 163, 164, 167, 167, 170, 172, 174, 176, 176, 178, 180, 182, 183, 185, 185, 186, 187, 188, 189, 189, 191, 192, 192, 193, 194, 195, 196

0, 1, 2, 4, 8, 11, 14, 22, 27, 32, 37, 41, 46, 50, 54, 57, 61, 65, 68, 72, 75, 79, 83, 86, 89, 92, 96, 98, 101, 105, 108, 111, 114, 117, 120, 121, 123, 123, 124, 125, 126, 127, 128, 130, 133, 136, 137, 139, 142, 143, 145, 146, 147, 148, 149, 150, 152, 153, 155, 157, 159, 160, 162, 162, 164, 165, 166, 168, 169, 171, 171, 174, 175, 176, 177, 178, 178, 179, 179, 180, 181, 182, 182, 184, 184, 185, 185, 187, 187, 188, 189, 190, 191, 191, 192, 193, 194, 195, 195, 196, 197, 197

0, 1, 2, 9, 15, 28, 35, 41, 46, 50, 54, 58, 63, 67, 70, 74, 78, 83, 86, 91, 95, 99, 102, 105, 108, 110, 112, 114, 117, 118, 121, 124, 127, 131, 134, 137, 140, 142, 143, 144, 147, 147, 149, 150, 152, 154, 156, 158, 160, 163, 163, 166, 168, 168, 170, 171, 172, 172, 173, 174, 175, 177, 178, 179, 181, 182, 182, 184, 184, 185, 186, 187, 188, 188, 189, 190, 191, 192, 194, 195, 195, 197, 197, 198, 198, 200, 201, 202, 203, 204, 204, 205, 206, 207, 207, 208, 209, 210, 211, 211

0, 1, 2, 3, 5, 8, 9, 15, 18, 24, 28, 34, 40, 44, 50, 54, 57, 61, 63, 66, 70, 73, 75, 80, 84, 88, 91, 95, 97, 99, 102, 104, 105, 108, 111, 113, 114, 117, 120, 123, 126, 129, 132, 134, 136, 137, 139, 139, 141, 143, 145, 146, 148, 150, 153, 156, 159, 160, 162, 163, 165, 166, 166, 168, 169, 169, 171, 172, 174, 175, 177, 178, 180, 182, 182, 184, 184, 185, 185, 187, 187, 188, 189, 190, 192, 193, 194, 194, 195, 196, 197, 198, 198, 200, 200, 201, 201, 203, 203, 204, 205, 206, 207, 207, 208, 209, 210

0, 1, 2, 4, 6, 9, 13, 15, 22, 25, 31, 36, 41, 47, 54, 60, 67, 74, 81, 89, 96, 102, 108, 113, 118, 122, 125, 129, 132, 135, 138, 142, 145, 150, 153, 156, 159, 161, 164, 167, 169, 172, 174, 176, 178, 180, 183, 185, 188, 189, 192, 194, 196, 198, 199, 199, 201, 202, 204, 205, 206, 208, 208, 210, 211, 212, 214, 215, 215, 217, 217, 218, 219, 220, 221, 222, 223, 224, 225, 226, 227, 228, 228, 230, 230, 231, 231, 233, 233, 234, 235, 236, 237, 237, 238, 239, 240, 240, 241, 242, 243, 244, 246

0, 1, 2, 3, 5, 7, 12, 15, 18, 21, 25, 28, 33, 35, 40, 44, 47, 52, 56, 62, 66, 69, 75, 78, 81, 84, 86, 89, 92, 94, 98, 101, 105, 107, 111, 114, 117, 119, 121, 123, 126, 127, 130, 132, 134, 137, 140, 142, 146, 148, 150, 153, 155, 156, 158, 161, 163, 165, 167, 169, 171, 172, 174, 177, 179, 181, 183, 184, 187, 187, 188, 190, 191, 192, 194, 195, 197, 197, 198, 200, 201, 201, 203, 203, 204, 206, 207, 208, 209, 210, 210, 211, 212, 213, 213, 214, 215, 216, 217, 217, 219, 219, 220

0, 1, 3, 6, 17, 23, 32, 40, 50, 60, 69, 87, 98, 114, 128, 142, 155, 168, 180, 192, 203, 210, 220, 227, 235, 240, 245, 248, 252, 255, 258, 261, 264, 268, 271, 274, 277, 278, 280, 281, 281, 283, 284, 284, 286, 287, 288, 289, 290, 291, 293, 294, 296, 297, 299, 300, 302, 304, 306, 308, 309, 309, 310, 311

0, 2, 5, 9, 18, 38, 48, 57, 64, 73, 80, 88, 93, 99, 105, 111, 117, 123, 130, 135, 144, 151, 159, 166, 173, 176, 181, 184, 187, 189, 192, 194, 197, 201, 203, 208, 212, 216, 219, 221, 224, 226, 228, 230, 231, 234, 237, 239, 242, 246, 249, 253, 256, 259, 262, 264, 265, 267, 268, 269, 269, 271, 271, 272, 274, 275, 277, 278, 279, 280, 281, 282, 283, 284, 285, 285, 287, 287, 288, 288, 290, 290, 291, 292, 293, 294, 294, 295, 296, 297, 297, 298, 299, 300, 301, 301, 303, 303, 304, 304, 306, 306, 307, 307, 308, 309

0, 1, 2, 4, 9, 15, 20, 27, 36, 44, 53, 64, 76, 87, 100, 113, 125, 138, 148, 158, 167, 174, 178, 185, 190, 196, 201, 206, 210, 215, 219, 223, 229, 232, 236, 239, 242, 244, 247, 248, 251, 252, 254, 256, 258, 261, 263, 265, 266, 267, 268, 269, 270, 271, 272, 274, 274, 276, 277, 279, 279, 280, 281, 282, 283, 283, 284, 285, 286, 286, 286, 287, 288, 289, 290, 290, 292, 292, 293, 293, 293, 295, 295, 295

0, 1, 3, 4, 6, 13, 19, 28, 35, 48, 60, 70, 82, 92, 108, 118, 132, 150, 162, 179, 191, 200, 209, 212, 215, 218, 220, 223, 225, 227, 230, 232, 236, 237, 241, 243, 245, 246, 247, 248, 249, 250, 250, 252, 252, 253, 253, 255, 255

0, 1, 2, 3, 4, 6, 8, 11, 16, 18, 24, 29, 32, 38, 42, 48, 52, 58, 64, 68, 72, 78, 83, 88, 93, 98, 104, 110, 116, 122, 128, 132, 136, 141, 145, 148, 151, 155, 157, 160, 163, 165, 168, 171, 174, 177, 180, 182, 184, 187, 189, 193, 196, 200, 203, 208, 210, 213, 216, 218, 221, 222, 224, 226, 227, 229, 231, 232, 234, 235, 237, 238, 239, 240, 240, 241, 241, 242, 242, 243, 244, 244, 245, 246, 247, 247

0, 1, 2, 6, 12, 14, 25, 33, 38, 43, 49, 55, 62, 69, 76, 82, 91, 99, 105, 114, 121, 129, 133, 140, 146, 152, 158, 163, 169, 174, 181, 187, 193, 198, 203, 209, 214, 219, 225, 227, 229, 231, 232, 233, 235, 236, 238, 239, 240, 242, 243, 245, 245, 246, 247, 248, 249, 249, 249, 251, 251, 252, 252, 254, 254, 254, 255, 256

0, 1, 2, 4, 8, 13, 20, 27, 36, 43, 53, 60, 71, 79, 91, 103, 113, 123, 132, 143, 151, 159, 167, 174, 180, 187, 194, 200, 207, 212, 218, 222, 226, 230, 234, 236, 239, 242, 244, 246, 248, 249, 251, 252, 253, 254, 255, 255, 257, 258, 258, 260, 260, 261

0, 2, 2, 3, 6, 7, 9, 13, 16, 18, 23, 26, 31, 34, 39, 43, 48, 55, 60, 66, 72, 77, 83, 88, 93, 101, 107, 112, 118, 124, 128, 134, 138, 144, 148, 151, 157, 160, 166, 169, 173, 176, 182, 185, 188, 191, 194, 198, 200, 204, 207, 208, 212, 214, 217, 218, 221, 223, 224, 227, 230, 232, 233, 236, 237, 239, 240, 240, 242, 242, 243, 244

0, 2, 2, 4, 6, 8, 12, 16, 22, 27, 32, 40, 47, 55, 61, 67, 74, 80, 87, 93, 99, 108, 116, 121, 128, 136, 143, 150, 157, 166, 173, 180, 187, 194, 198, 201, 204, 207, 207, 208, 210, 211, 214, 215, 218, 221, 224, 227, 230, 232, 233, 236, 237, 237, 237, 239, 240, 240, 242, 242, 243, 245, 246, 247, 249, 249, 250, 251

0, 1, 2, 4, 5, 7, 11, 13, 18, 23, 27, 33, 37, 44, 56, 63, 69, 77, 84, 91, 98, 104, 110, 116, 122, 127, 132, 137, 142, 146, 152, 157, 162, 165, 171, 174, 180, 183, 189, 194, 199, 206, 209, 215, 219, 222, 223, 225, 226, 226, 228, 228, 229, 229, 231, 233, 234, 235, 236, 237, 238

0, 1, 2, 2, 4, 4, 5, 7, 10, 13, 17, 21, 26, 28, 34, 39, 45, 52, 59, 68, 78, 89, 98, 113, 124, 139, 155, 167, 183, 194, 203, 208, 213, 217, 218, 219, 219, 220, 221, 222, 223, 224, 226, 228, 229, 232, 233, 235, 236, 237, 238, 238, 239, 240, 241, 242, 242, 244, 245, 245, 245, 247, 247, 248, 248, 249, 250

0, 1, 2, 4, 6, 9, 11, 14, 18, 21, 25, 29, 36, 41, 46, 54, 61, 67, 77, 84, 93, 102, 110, 118, 127, 134, 142, 149, 158, 166, 173, 178, 184, 190, 194, 198, 201, 205, 208, 212, 214, 217, 220, 223, 225, 227, 229, 232, 235, 236, 238, 240, 242, 245, 248, 249, 251, 253, 255, 255, 256, 257, 258, 258, 259, 260, 261, 262, 262, 264, 264, 265, 265, 267, 267

0, 1, 2, 2, 4, 7, 11, 14, 20, 27, 36, 42, 61, 71, 79, 91, 101, 107, 119, 130, 146, 155, 162, 170, 178, 186, 192, 196, 201, 203, 206, 209, 210, 213, 216, 219, 220, 223, 226, 228, 231, 233, 235, 236, 237, 238, 238, 238, 239, 240, 241, 242, 242, 244, 244, 245, 245, 247, 247, 248, 249, 250, 251, 251, 252

0, 1, 2, 3, 5, 8, 12, 17, 21, 28, 33, 40, 46, 55, 60, 69, 78, 87, 95, 104, 113, 120, 128, 135, 142, 149, 158, 165, 172, 177, 181, 186, 188, 190, 194, 197, 200, 205, 209, 213, 218, 222, 226, 231, 232, 234, 236, 238, 239, 241, 242, 244, 245, 247, 248, 250, 252, 254, 255, 256, 257, 257, 258, 259, 260, 261, 261

0, 1, 2, 7, 13, 16, 26, 37, 46, 65, 72, 81, 90, 98, 108, 117, 127, 136, 146, 154, 165, 174, 183, 192, 200, 207, 212, 216, 218, 220, 222, 222, 225, 225, 229, 232, 235, 238, 241, 245, 248, 251, 253, 255, 257, 258, 259, 260, 261, 261, 263, 264, 266, 268, 270, 271, 272, 273, 273, 274, 275, 276, 277
